# RL300 resonance record certificate
# columns: a ell Nhat Amax Bmax
# The final row is the first direct-start boundary beyond the frozen external delay interval.
630138897 397573379 82931674943 93298134307 279894402935
10439860591 6586818670 867101561987 975489257218 2926467771668
114208327604 72057431991 1592805812713 1791906539296 5375719617902
217976794617 137528045312 9767685083994 10988645719468 32965937158418
1411629234715 890638885193 11257977841070 12665225071183 37995675213563
2605281674813 1643749725074 13284906392143 14945519691148 44836559073458
3798934114911 2396860564955 16201969796164 18227216020675 54681648062039
4992586555009 3149971404836 20760504606114 23355567681853 70066703045573
6186238995107 3903082244717 28888473975216 32499533222113 97498599666353
7379891435205 4656193084598 47475766801652 53410237651858 160230712955588
8573543875303 5409303924479 133140310212411 149782848988954 449348546966876
18340740190704 11571718688839 680622913181865 765700777329583 2297102331988763
101470897268921 64021008208555 766529792903560 862346017016482 2587038051049460
184601054347138 116470297728271 877255213132997 986912114774611 2960736344323847
267731211425355 168919587247987 1025370194017523 1153541468269696 3460624404809102
350861368503572 221368876767703 1233660286882285 1387867822742551 4163603468227667
433991525581789 273818166287419 1548145017762100 1741663144982353 5224989434947073
517121682660006 326267455807135 2077823995944733 2337551995437805 7012655986313429
600251839738223 378716745326851 3158448826076325 3553254929335864 10659764788007606
683381996816440 431166034846567 6581133424267831 7403775102301297 22211325306903905
1449894150711097 914781359212850 7181977536063394 8079724728071302 24239174184213920
2216406304605754 1398396683579133 7903556156781955 8891500676379700 26674502029139114
2982918458500411 1882012007945416 8786324732703248 9884615324291140 29653845972873434
3749430612395068 2365627332311699 9891085599278227 11127471299188006 33382413897564032
4515942766289725 2849242656677982 11313619407297398 12727821833209552 38183465499628670
5282454920184382 3332857981044265 13214063130692233 14865821022028756 44597463066086282
6048967074079039 3816473305410548 15881875161462262 17867109556645042 53601328669935140
6815479227973696 4300088629776831 19899403022831812 22386828400685779 67160485202057351
7581991381868353 4783703954143114 26637776744260508 29967498837293071 89902496511879227
8348503535763010 5267319278509397 40276170117617197 45310691382319327 135932074146957995
9115015689657667 5750934602875680 82532193804539600 92848718030107036 278546154090321122
18996543533209991 11985484530117643 86798965996073222 97648836745582354 292946510236747076
28878071376762315 18220034457359606 91530958831902698 102972328685890528 308916986057671598
38759599220314639 24454584384601569 96808646368927486 108909727165043419 326729181495130271
48641127063866963 30689134311843532 102732198933917210 115573723800656854 346721171401970576
58522654907419287 36923684239085495 109427901771775466 123106389493247392 369319168479742190
68404182750971611 43158234166327458 117057258758116195 131689416102880720 395068248308642174
78285710594523935 49392784093569421 125830189813176898 141558963539823994 424676890619471996
88167238438076259 55627334020811384 136024643648669969 153027724104753691 459083172314261087
98048766281628583 61861883948053347 148016584880689938 166518657990776155 499555973972328479
107930294125180907 68096433875295310 162327376733720260 182618298825435283 547854896476305863
117811821968733231 74330983802537273 179701592524087277 202164291589598176 606492874768794542
127693349812285555 80565533729779236 201240786468303658 226395884776841599 679187654330524811
137574877655837879 86800083657021199 228646569183709958 257227390331673682 771682170995021060
147456405499390203 93034633584263162 264693614130878305 297780315897238087 893340947691714275
157337933342942527 99269183511505125 314233833109227814 353513062247881288 1060539186743643878
167219461186494851 105503733438747088 386587852396728289 434911333946319319 1304734001838957971
177100989030047175 111738283365989051 502228692724321173 565007279314861318 1695021837944583968
186982516873599499 117972833293231014 716581113958808133 806153753203659148 2418461259610977458
196864044717151823 124207383220472977 1250146787826445598 1406415136304751277 4219245408914253845
206745572560704147 130441933147714940 4894841535700125438 5506696727662641106 16520090182987923332
